[38;2;111;237;171m▄[0m[38;2;142;241;186m▄[0m                                         [38;2;112;237;172m▄[0m
[38;2;90;234;160m[48;2;83;232;155m▀[0m[38;2;140;249;189m[48;2;127;249;182m▀[0m[38;2;152;248;193m▄[0m                                      [38;2;153;247;193m▄[0m[38;2;140;248;187m[48;2;128;249;183m▀[0m[38;2;92;235;160m[48;2;83;233;156m▀[0m
[38;2;82;232;155m[48;2;87;234;158m▀[0m[38;2;99;236;164m[48;2;82;238;157m▀[0m[38;2;152;255;196m[48;2;135;242;182m▀[0m[38;2;147;247;191m[48;2;150;255;195m▀[0m[38;2;148;248;191m▄[0m                                  [38;2;148;248;191m▄[0m[38;2;148;247;190m[48;2;151;255;195m▀[0m[38;2;153;255;196m[48;2;135;242;182m▀[0m[38;2;100;235;164m[48;2;82;238;157m▀[0m[38;2;82;233;154m[48;2;87;233;158m▀[0m
[38;2;94;234;161m▀[0m[38;2;78;242;156m[48;2;85;245;162m▀[0m[38;2;108;237;170m[48;2;77;233;152m▀[0m[38;2;147;243;186m[48;2;128;240;181m▀[0m[38;2;146;254;191m[48;2;146;244;186m▀[0m[38;2;149;249;192m[48;2;142;248;187m▀[0m[38;2;148;252;194m▄[0m[38;2;149;248;201m▄[0m     [38;2;86;236;163m▄[0m[38;2;83;240;165m▄[0m[38;2;98;240;165m[48;2;82;247;167m▀[0m[38;2;91;238;160m[48;2;80;241;161m▀[0m[38;2;86;236;157m[48;2;76;233;159m▀[0m[38;2;86;239;158m[48;2;74;229;160m▀[0m[38;2;87;246;162m[48;2;76;231;157m▀[0m[38;2;87;249;163m[48;2;76;231;158m▀[0m[38;2;87;250;163m[48;2;76;231;159m▀[0m[38;2;87;250;163m[48;2;75;230;160m▀[0m[38;2;87;249;163m[48;2;75;230;160m▀[0m[38;2;87;247;162m[48;2;75;230;159m▀[0m[38;2;86;240;158m[48;2;74;229;160m▀[0m[38;2;85;237;157m[48;2;74;232;162m▀[0m[38;2;91;238;161m[48;2;76;238;166m▀[0m[38;2;99;240;166m[48;2;80;245;170m▀[0m[38;2;81;240;167m▄[0m[38;2;82;233;170m▄[0m[38;2;88;235;177m▄[0m    [38;2;149;246;202m▄[0m[38;2;148;252;195m▄[0m[38;2;148;248;192m[48;2;142;248;186m▀[0m[38;2;146;254;191m[48;2;145;244;186m▀[0m[38;2;146;243;187m[48;2;128;240;180m▀[0m[38;2;108;237;170m[48;2;77;232;152m▀[0m[38;2;78;242;156m[48;2;85;245;162m▀[0m[38;2;93;233;161m▀[0m
 [38;2;86;235;157m[48;2;94;233;162m▀[0m[38;2;78;236;153m[48;2;87;251;165m▀[0m[38;2;85;234;157m[48;2;77;232;150m▀[0m[38;2;142;243;188m[48;2;88;234;159m▀[0m[38;2;144;243;186m[48;2;141;241;189m▀[0m[38;2;137;242;190m[48;2;145;242;199m▀[0m[38;2;148;255;208m[48;2;136;239;195m▀[0m[38;2;144;246;202m[48;2;135;240;202m▀[0m[38;2;125;247;217m▄[0m[38;2;118;236;210m▄[0m [38;2;82;234;175m▀[0m[38;2;77;252;185m▀[0m[38;2;68;226;166m[48;2;68;227;185m▀[0m[38;2;70;226;166m[48;2;64;233;190m▀[0m[38;2;70;226;166m[48;2;61;219;177m▀[0m[38;2;69;225;168m[48;2;60;218;178m▀[0m[38;2;69;225;168m[48;2;60;219;179m▀[0m[38;2;69;225;167m[48;2;60;219;178m▀[0m[38;2;69;225;168m[48;2;60;218;179m▀[0m[38;2;69;225;168m[48;2;59;218;179m▀[0m[38;2;69;225;168m[48;2;59;218;179m▀[0m[38;2;68;224;169m[48;2;59;218;179m▀[0m[38;2;68;224;169m[48;2;59;218;180m▀[0m[38;2;68;224;169m[48;2;59;218;180m▀[0m[38;2;68;225;169m[48;2;59;218;179m▀[0m[38;2;68;225;168m[48;2;59;218;179m▀[0m[38;2;68;224;169m[48;2;62;232;193m▀[0m[38;2;66;224;169m[48;2;65;224;189m▀[0m[38;2;76;250;187m▀[0m[38;2;80;234;177m▀[0m [38;2;119;237;210m▄[0m[38;2;128;248;217m▄[0m[38;2;144;246;203m[48;2;137;240;202m▀[0m[38;2;148;255;208m[48;2;136;239;195m▀[0m[38;2;137;241;193m[48;2;144;241;198m▀[0m[38;2;143;242;189m[48;2;141;241;192m▀[0m[38;2;142;243;188m[48;2;89;234;158m▀[0m[38;2;85;234;157m[48;2;77;232;150m▀[0m[38;2;78;236;153m[48;2;87;251;165m▀[0m[38;2;86;234;157m[48;2;94;233;162m▀[0m
  [38;2;88;237;159m▀[0m[38;2;82;239;156m[48;2;86;241;162m▀[0m[38;2;76;232;151m[48;2;74;232;164m▀[0m[38;2;78;229;163m[48;2;67;224;166m▀[0m[38;2;132;237;194m[48;2;67;225;165m▀[0m[38;2;142;238;204m[48;2;100;231;186m▀[0m[38;2;110;230;204m[48;2;130;236;205m▀[0m[38;2;107;228;203m[48;2;118;232;206m▀[0m[38;2;114;236;209m[48;2;110;230;204m▀[0m[38;2;120;247;219m[48;2;109;229;204m▀[0m[38;2;118;236;211m[48;2;115;239;212m▀[0m[38;2;120;247;219m▄[0m[38;2;113;236;216m▄[0m[38;2;67;223;192m▀[0m[38;2;59;234;205m▀[0m[38;2;52;215;188m[48;2;49;219;209m▀[0m[38;2;53;214;188m[48;2;44;211;204m▀[0m[38;2;52;214;189m[48;2;43;206;202m▀[0m[38;2;52;214;189m[48;2;43;208;202m▀[0m[38;2;52;214;190m[48;2;44;208;202m▀[0m[38;2;52;214;189m[48;2;43;208;202m▀[0m[38;2;52;214;189m[48;2;43;208;202m▀[0m[38;2;51;214;190m[48;2;43;207;201m▀[0m[38;2;51;213;191m[48;2;43;210;204m▀[0m[38;2;50;214;193m[48;2;48;218;212m▀[0m[38;2;56;231;209m▀[0m[38;2;65;220;194m▀[0m[38;2;110;234;217m▄[0m[38;2;119;246;219m▄[0m[38;2;117;236;210m[48;2;115;239;212m▀[0m[38;2;120;247;219m[48;2;109;229;204m▀[0m[38;2;114;236;210m[48;2;109;230;204m▀[0m[38;2;106;228;203m[48;2;118;232;206m▀[0m[38;2;113;230;203m[48;2;129;235;206m▀[0m[38;2;144;239;204m[48;2;102;231;188m▀[0m[38;2;133;238;195m[48;2;68;225;165m▀[0m[38;2;80;230;163m[48;2;67;224;166m▀[0m[38;2;75;231;152m[48;2;74;231;164m▀[0m[38;2;81;238;157m[48;2;84;241;166m▀[0m[38;2;88;237;160m▀[0m
    [38;2;79;241;173m[48;2;57;165;189m▀[0m[38;2;70;231;167m[48;2;61;221;189m▀[0m[38;2;64;223;171m[48;2;67;232;172m▀[0m[38;2;58;221;171m[48;2;59;217;181m▀[0m[38;2;76;222;182m[48;2;53;215;183m▀[0m[38;2;110;231;198m[48;2;52;216;180m▀[0m[38;2;119;232;204m[48;2;66;218;195m▀[0m[38;2;115;231;205m[48;2;99;225;205m▀[0m[38;2;110;230;204m[48;2;111;228;208m▀[0m[38;2;99;226;208m[48;2;85;221;215m▀[0m[38;2;91;235;227m[48;2;77;217;216m▀[0m[38;2;87;228;224m[48;2;80;219;216m▀[0m[38;2;86;239;240m▄[0m[38;2;93;222;232m▄[0m[38;2;43;211;219m▀[0m[38;2;38;205;213m[48;2;33;206;232m▀[0m[38;2;38;202;209m[48;2;28;199;227m▀[0m[38;2;39;203;208m[48;2;30;197;223m▀[0m[38;2;39;203;208m[48;2;29;197;224m▀[0m[38;2;39;202;208m[48;2;29;198;228m▀[0m[38;2;39;205;213m[48;2;34;205;235m▀[0m[38;2;43;210;220m▀[0m[38;2;92;221;230m▄[0m[38;2;84;238;242m▄[0m[38;2;87;227;224m[48;2;80;219;216m▀[0m[38;2;88;234;228m[48;2;77;217;215m▀[0m[38;2;96;225;209m[48;2;84;220;216m▀[0m[38;2;109;229;204m[48;2;111;229;211m▀[0m[38;2;115;231;204m[48;2;100;225;205m▀[0m[38;2;120;233;205m[48;2;70;220;189m▀[0m[38;2;111;231;199m[48;2;52;216;179m▀[0m[38;2;75;221;183m[48;2;53;215;182m▀[0m[38;2;57;219;172m[48;2;60;217;180m▀[0m[38;2;68;224;169m[48;2;71;234;168m▀[0m[38;2;72;232;166m[48;2;64;222;186m▀[0m[38;2;79;240;173m[48;2;56;165;188m▀[0m
   [38;2;46;149;243m▄[0m[38;2;24;118;208m[48;2;28;149;252m▀[0m[38;2;22;122;198m[48;2;21;116;210m▀[0m[38;2;47;182;190m[48;2;20;99;199m▀[0m[38;2;58;221;183m[48;2;31;134;200m▀[0m[38;2;59;223;181m[48;2;54;195;189m▀[0m[38;2;53;214;189m[48;2;53;222;203m▀[0m[38;2;42;209;197m[48;2;46;217;207m▀[0m[38;2;43;209;197m[48;2;42;205;203m▀[0m[38;2;58;211;207m[48;2;38;204;204m▀[0m[38;2;81;218;213m[48;2;39;204;206m▀[0m[38;2;87;220;218m[48;2;59;208;214m▀[0m[38;2;79;218;218m[48;2;76;215;221m▀[0m[38;2;72;215;223m[48;2;72;214;226m▀[0m[38;2;76;235;250m[48;2;60;209;231m▀[0m[38;2;85;217;230m[48;2;62;227;250m▀[0m[38;2;52;194;230m[48;2;82;214;229m▀[0m[38;2;23;202;249m[48;2;28;187;242m▀[0m[38;2;21;192;236m[48;2;13;192;254m▀[0m[38;2;21;190;237m[48;2;13;192;254m▀[0m[38;2;21;201;252m[48;2;26;187;243m▀[0m[38;2;53;194;232m[48;2;78;210;231m▀[0m[38;2;82;215;229m[48;2;59;225;252m▀[0m[38;2;72;234;251m[48;2;59;209;231m▀[0m[38;2;70;214;227m[48;2;71;213;228m▀[0m[38;2;78;218;218m[48;2;75;214;223m▀[0m[38;2;87;220;218m[48;2;59;208;215m▀[0m[38;2;82;218;216m[48;2;38;203;208m▀[0m[38;2;60;212;206m[48;2;39;205;201m▀[0m[38;2;42;209;198m[48;2;44;207;201m▀[0m[38;2;46;212;192m[48;2;46;217;208m▀[0m[38;2;57;217;182m[48;2;56;224;198m▀[0m[38;2;58;223;182m[48;2;55;195;189m▀[0m[38;2;59;221;182m[48;2;32;132;200m▀[0m[38;2;49;180;189m[48;2;21;95;200m▀[0m[38;2;21;121;199m[48;2;21;111;212m▀[0m[38;2;25;119;208m[48;2;31;149;251m▀[0m[38;2;51;152;241m▄[0m
   [38;2;29;137;249m[48;2;23;143;255m▀[0m[38;2;21;135;255m[48;2;21;133;249m▀[0m[38;2;22;134;250m[48;2;25;133;250m▀[0m[38;2;21;121;229m[48;2;29;138;255m▀[0m[38;2;24;105;215m[48;2;42;133;240m▀[0m  [38;2;54;212;214m▀[0m[38;2;45;216;213m[48;2;65;185;210m▀[0m[38;2;42;210;205m[48;2;38;189;220m▀[0m[38;2;38;200;210m[48;2;35;210;215m▀[0m[38;2;34;200;209m[48;2;30;201;221m▀[0m[38;2;35;199;218m[48;2;25;192;228m▀[0m[38;2;55;207;227m[48;2;23;192;230m▀[0m[38;2;62;210;231m[48;2;46;203;231m▀[0m[38;2;52;208;236m[48;2;49;202;237m▀[0m[38;2;50;205;240m[48;2;40;203;248m▀[0m[38;2;63;200;238m[48;2;60;204;237m▀[0m[38;2;14;187;247m[48;2;27;188;243m▀[0m[38;2;14;187;248m[48;2;27;189;242m▀[0m[38;2;64;202;238m[48;2;61;205;238m▀[0m[38;2;46;203;242m[48;2;40;204;248m▀[0m[38;2;47;204;239m[48;2;46;201;239m▀[0m[38;2;60;209;231m[48;2;43;200;234m▀[0m[38;2;55;207;226m[48;2;24;192;229m▀[0m[38;2;34;199;218m[48;2;26;193;225m▀[0m[38;2;34;200;210m[48;2;35;204;213m▀[0m[38;2;38;200;211m[48;2;37;211;212m▀[0m[38;2;43;211;204m[48;2;38;191;219m▀[0m[38;2;46;217;210m[48;2;66;185;207m▀[0m[38;2;55;212;214m▀[0m  [38;2;24;104;214m[48;2;45;129;238m▀[0m[38;2;21;121;229m[48;2;34;136;255m▀[0m[38;2;22;135;251m[48;2;26;132;249m▀[0m[38;2;20;134;255m[48;2;23;132;249m▀[0m[38;2;29;136;248m[48;2;26;143;255m▀[0m
  [38;2;47;132;242m[48;2;57;125;245m▀[0m[38;2;42;132;255m[48;2;52;124;255m▀[0m[38;2;44;124;248m[48;2;49;120;247m▀[0m[38;2;47;121;247m[48;2;49;120;248m▀[0m[38;2;53;130;255m[48;2;54;122;248m▀[0m    [38;2;30;103;206m[48;2;35;138;255m▀[0m[38;2;32;98;210m[48;2;46;101;220m▀[0m[38;2;42;127;213m[48;2;48;79;204m▀[0m[38;2;30;182;229m[48;2;47;89;206m▀[0m[38;2;23;201;233m[48;2;42;145;223m▀[0m[38;2;26;193;230m[48;2;17;193;241m▀[0m[38;2;19;188;236m[48;2;13;187;246m▀[0m[38;2;34;194;241m[48;2;13;183;245m▀[0m[38;2;44;200;240m[48;2;36;196;241m▀[0m[38;2;47;202;240m[48;2;44;201;241m▀[0m[38;2;48;195;239m[48;2;53;197;237m▀[0m[38;2;49;194;239m[48;2;51;196;237m▀[0m[38;2;47;201;239m[48;2;44;201;240m▀[0m[38;2;44;200;240m[48;2;36;196;241m▀[0m[38;2;33;194;242m[48;2;13;183;245m▀[0m[38;2;16;186;240m[48;2;13;187;245m▀[0m[38;2;25;192;232m[48;2;15;192;243m▀[0m[38;2;23;201;233m[48;2;41;144;223m▀[0m[38;2;33;185;223m[48;2;47;89;206m▀[0m[38;2;44;129;211m[48;2;48;79;205m▀[0m[38;2;34;95;210m[48;2;47;100;220m▀[0m[38;2;30;104;206m[48;2;41;136;254m▀[0m    [38;2;55;129;255m[48;2;54;122;247m▀[0m[38;2;48;120;247m[48;2;49;121;248m▀[0m[38;2;46;122;247m[48;2;49;121;247m▀[0m[38;2;48;130;255m[48;2;50;124;255m▀[0m[38;2;55;132;242m[48;2;57;126;245m▀[0m
  [38;2;58;122;245m[48;2;85;109;234m▀[0m[38;2;57;119;252m[48;2;81;105;246m▀[0m[38;2;64;114;245m[48;2;84;102;241m▀[0m[38;2;71;113;250m[48;2;87;105;251m▀[0m[38;2;77;112;241m[48;2;88;109;238m▀[0m   [38;2;45;132;243m[48;2;61;124;244m▀[0m[38;2;47;130;255m[48;2;61;125;255m▀[0m[38;2;60;119;249m[48;2;79;106;242m▀[0m[38;2;70;105;235m[48;2;82;105;243m▀[0m[38;2;66;86;213m[48;2;96;98;241m▀[0m[38;2;80;63;197m[48;2;95;81;221m▀[0m[38;2;59;105;214m[48;2;83;62;195m▀[0m[38;2;16;183;244m[48;2;69;91;208m▀[0m[38;2;11;188;246m[48;2;19;179;243m▀[0m[38;2;19;185;244m[48;2;10;187;247m▀[0m[38;2;42;199;240m[48;2;28;191;239m▀[0m[38;2;39;196;236m[48;2;24;192;234m▀[0m[38;2;34;195;234m[48;2;22;191;235m▀[0m[38;2;39;198;238m[48;2;26;190;238m▀[0m[38;2;20;186;244m[48;2;11;188;247m▀[0m[38;2;11;188;246m[48;2;19;179;243m▀[0m[38;2;16;183;245m[48;2;70;88;206m▀[0m[38;2;59;106;215m[48;2;83;61;195m▀[0m[38;2;80;60;195m[48;2;95;81;220m▀[0m[38;2;65;83;211m[48;2;91;100;241m▀[0m[38;2;71;105;235m[48;2;82;104;242m▀[0m[38;2;59;120;249m[48;2;78;106;242m▀[0m[38;2;51;129;255m[48;2;62;125;255m▀[0m[38;2;55;132;244m[48;2;63;124;243m▀[0m   [38;2;78;111;241m[48;2;87;107;238m▀[0m[38;2;72;113;250m[48;2;87;105;251m▀[0m[38;2;65;114;245m[48;2;84;102;241m▀[0m[38;2;59;119;251m[48;2;81;104;246m▀[0m[38;2;64;121;245m[48;2;89;107;233m▀[0m
  [38;2;104;101;206m[48;2;131;96;165m▀[0m[38;2;77;104;249m[48;2;78;102;253m▀[0m[38;2;81;104;240m[48;2;92;99;238m▀[0m[38;2;83;108;252m[48;2;101;96;249m▀[0m[38;2;86;107;238m[48;2;105;96;237m▀[0m    [38;2;82;116;255m[48;2;88;106;239m▀[0m[38;2;81;103;240m[48;2;99;101;255m▀[0m[38;2;94;97;240m[48;2;110;86;239m▀[0m[38;2;109;87;239m[48;2;108;88;239m▀[0m[38;2;111;88;242m[48;2;118;78;236m▀[0m[38;2;108;80;229m[48;2;136;71;238m▀[0m[38;2;109;55;198m[48;2;128;70;230m▀[0m[38;2;83;83;204m[48;2;119;49;202m▀[0m[38;2;13;185;246m[48;2;70;107;216m▀[0m[38;2;15;187;243m[48;2;8;193;247m▀[0m[38;2;17;186;242m[48;2;15;183;245m▀[0m[38;2;16;186;243m[48;2;15;183;244m▀[0m[38;2;15;187;243m[48;2;8;193;248m▀[0m[38;2;13;186;246m[48;2;71;107;215m▀[0m[38;2;83;83;204m[48;2;120;49;201m▀[0m[38;2;106;52;195m[48;2;128;71;231m▀[0m[38;2;103;82;229m[48;2;132;73;239m▀[0m[38;2;111;89;242m[48;2;113;82;237m▀[0m[38;2;107;89;239m[48;2;109;88;239m▀[0m[38;2;88;100;240m[48;2;108;88;239m▀[0m[38;2;80;102;240m[48;2;93;104;254m▀[0m[38;2;84;116;255m[48;2;87;108;240m▀[0m    [38;2;85;105;239m[48;2;106;95;237m▀[0m[38;2;83;109;253m[48;2;99;98;250m▀[0m[38;2;81;104;240m[48;2;92;98;238m▀[0m[38;2;77;104;249m[48;2;78;101;253m▀[0m[38;2;104;99;206m[48;2;133;96;164m▀[0m
  [38;2;176;96;110m[48;2;230;100;46m▀[0m[38;2;96;90;247m[48;2;114;78;202m▀[0m[38;2;113;87;239m[48;2;107;88;247m▀[0m[38;2;112;87;245m[48;2;108;87;238m▀[0m[38;2;113;90;237m[48;2;113;89;242m▀[0m     [38;2;114;96;244m▀[0m[38;2;120;92;255m[48;2;127;92;239m▀[0m[38;2;125;79;244m[48;2;137;78;238m▀[0m[38;2;136;71;241m[48;2;136;73;237m▀[0m[38;2;138;71;244m[48;2;139;77;239m▀[0m[38;2;147;77;255m[48;2;143;82;235m▀[0m[38;2;131;74;225m▀[0m[38;2;111;53;189m▀[0m[38;2;40;152;237m[48;2;90;94;216m▀[0m[38;2;10;191;247m[48;2;10;190;248m▀[0m[38;2;10;191;247m[48;2;10;190;248m▀[0m[38;2;41;153;237m[48;2;91;93;215m▀[0m[38;2;112;52;186m▀[0m[38;2;131;74;224m▀[0m[38;2;147;77;255m[48;2;142;83;235m▀[0m[38;2;138;71;244m[48;2;139;78;239m▀[0m[38;2;133;72;241m[48;2;136;73;237m▀[0m[38;2;118;83;245m[48;2;132;81;239m▀[0m[38;2;118;92;255m[48;2;122;94;241m▀[0m[38;2;111;99;245m▀[0m     [38;2;113;90;237m[48;2;114;88;241m▀[0m[38;2;113;87;245m[48;2;108;87;239m▀[0m[38;2;113;87;239m[48;2;107;88;247m▀[0m[38;2;98;88;247m[48;2;114;80;202m▀[0m[38;2;177;96;110m[48;2;230;104;46m▀[0m
  [38;2;255;108;18m▀[0m[38;2;180;90;119m[48;2;254;111;35m▀[0m[38;2;87;76;243m[48;2;112;70;181m▀[0m[38;2;123;82;237m[48;2;114;65;229m▀[0m[38;2;131;83;252m[48;2;144;75;248m▀[0m[38;2;133;76;231m▄[0m            [38;2;117;60;189m▀[0m[38;2;35;167;247m[48;2;55;137;227m▀[0m[38;2;34;167;246m[48;2;56;135;226m▀[0m[38;2;118;60;186m▀[0m            [38;2;134;75;231m▄[0m[38;2;133;80;252m[48;2;144;75;248m▀[0m[38;2;125;81;237m[48;2;117;64;229m▀[0m[38;2;89;75;242m[48;2;119;69;181m▀[0m[38;2;180;87;114m[48;2;254;113;34m▀[0m[38;2;255;107;16m▀[0m
   [38;2;252;98;14m[48;2;246;108;42m▀[0m[38;2;222;101;64m[48;2;255;111;8m▀[0m[38;2;106;63;200m[48;2;215;107;83m▀[0m[38;2;119;60;218m[48;2;111;60;185m▀[0m[38;2;146;77;249m[48;2;112;55;214m▀[0m[38;2;137;77;227m▄[0m            [38;2;74;124;219m▀[0m[38;2;73;122;215m▀[0m            [38;2;138;76;226m▄[0m[38;2;146;76;248m[48;2;113;55;215m▀[0m[38;2;119;60;219m[48;2;111;60;186m▀[0m[38;2;106;62;199m[48;2;215;108;85m▀[0m[38;2;222;98;62m[48;2;255;110;8m▀[0m[38;2;253;102;15m[48;2;246;106;42m▀[0m
    [38;2;250;108;26m▀[0m[38;2;255;104;4m[48;2;255;112;21m▀[0m[38;2;230;118;69m[48;2;255;103;6m▀[0m[38;2;135;82;171m[48;2;252;121;37m▀[0m[38;2;107;52;208m[48;2;190;106;116m▀[0m[38;2;114;63;196m[48;2;131;72;190m▀[0m[38;2;105;59;208m▄[0m                      [38;2;105;58;208m▄[0m[38;2;115;61;195m[48;2;130;72;192m▀[0m[38;2;107;51;208m[48;2;190;107;116m▀[0m[38;2;135;81;173m[48;2;251;125;36m▀[0m[38;2;229;116;70m[48;2;255;108;5m▀[0m[38;2;255;105;4m[48;2;255;114;21m▀[0m[38;2;250;108;25m▀[0m
     [38;2;250;125;37m▀[0m[38;2;255;117;17m[48;2;252;128;33m▀[0m[38;2;251;105;9m[48;2;255;132;14m▀[0m[38;2;255;124;5m[48;2;249;120;12m▀[0m[38;2;247;134;40m[48;2;252;117;7m▀[0m[38;2;200;112;115m[48;2;255;128;0m▀[0m[38;2;154;89;151m[48;2;255;138;23m▀[0m[38;2;227;133;59m▄[0m[38;2;222;136;73m▄[0m     [38;2;249;194;89m▄[0m[38;2;251;203;91m[48;2;255;210;80m▀[0m[38;2;255;204;76m[48;2;252;188;67m▀[0m[38;2;255;135;19m[48;2;251;129;15m▀[0m[38;2;252;131;34m[48;2;255;133;12m▀[0m[38;2;250;134;38m▄[0m     [38;2;220;134;73m▄[0m[38;2;227;130;58m▄[0m[38;2;153;88;151m[48;2;255;140;24m▀[0m[38;2;199;113;120m[48;2;255;130;0m▀[0m[38;2;246;135;46m[48;2;252;117;6m▀[0m[38;2;255;125;5m[48;2;249;119;12m▀[0m[38;2;251;112;8m[48;2;255;131;14m▀[0m[38;2;255;128;15m[48;2;252;131;32m▀[0m[38;2;250;129;37m▀[0m
       [38;2;251;138;38m▀[0m[38;2;255;142;17m▀[0m[38;2;255;132;12m[48;2;252;145;27m▀[0m[38;2;249;130;15m[48;2;255;155;16m▀[0m[38;2;252;134;9m[48;2;255;150;22m▀[0m[38;2;255;135;3m[48;2;249;145;27m▀[0m[38;2;255;142;13m[48;2;250;142;19m▀[0m[38;2;253;145;21m[48;2;252;142;11m▀[0m[38;2;253;159;33m[48;2;255;151;9m▀[0m[38;2;255;156;18m▄[0m[38;2;249;159;42m▄[0m[38;2;252;182;64m▄[0m[38;2;255;193;64m[48;2;253;184;52m▀[0m[38;2;251;184;62m[48;2;251;179;52m▀[0m[38;2;249;181;62m[48;2;251;176;50m▀[0m[38;2;251;138;17m[48;2;251;136;16m▀[0m[38;2;252;133;10m[48;2;251;132;13m▀[0m[38;2;255;141;18m[48;2;253;138;11m▀[0m[38;2;252;140;29m▄[0m[38;2;251;159;46m▄[0m[38;2;255;155;17m▄[0m[38;2;253;158;33m[48;2;255;150;9m▀[0m[38;2;251;143;21m[48;2;251;140;11m▀[0m[38;2;255;142;13m[48;2;250;140;19m▀[0m[38;2;255;135;4m[48;2;250;142;21m▀[0m[38;2;252;135;11m[48;2;255;147;11m▀[0m[38;2;249;130;15m[48;2;255;153;15m▀[0m[38;2;255;132;12m[48;2;252;145;26m▀[0m[38;2;255;142;17m▀[0m[38;2;250;138;39m▀[0m
           [38;2;252;160;44m▀[0m[38;2;255;174;47m▀[0m[38;2;255;177;43m[48;2;252;176;57m▀[0m[38;2;251;165;37m[48;2;251;179;56m▀[0m[38;2;250;160;30m[48;2;255;194;60m▀[0m[38;2;251;147;14m[48;2;255;179;48m▀[0m[38;2;255;150;9m[48;2;255;159;27m▀[0m[38;2;244;155;29m[48;2;234;133;7m▀[0m[38;2;251;176;51m[48;2;237;155;34m▀[0m[38;2;251;174;48m[48;2;253;170;44m▀[0m[38;2;251;173;46m[48;2;249;165;40m▀[0m[38;2;251;143;16m[48;2;250;150;22m▀[0m[38;2;251;139;11m[48;2;253;152;26m▀[0m[38;2;251;139;14m[48;2;237;139;19m▀[0m[38;2;245;136;14m[48;2;233;132;7m▀[0m[38;2;255;149;11m[48;2;255;160;27m▀[0m[38;2;251;148;14m[48;2;255;179;49m▀[0m[38;2;250;158;28m[48;2;255;192;58m▀[0m[38;2;251;164;36m[48;2;251;176;53m▀[0m[38;2;255;177;44m[48;2;252;176;58m▀[0m[38;2;255;168;44m▀[0m[38;2;253;157;33m▀[0m
                [38;2;252;185;64m▀[0m[38;2;255;193;61m▀[0m[38;2;250;164;35m[48;2;255;191;67m▀[0m[38;2;216;129;13m[48;2;228;151;30m▀[0m[38;2;252;169;43m[48;2;235;140;15m▀[0m[38;2;250;167;42m[48;2;255;157;25m▀[0m[38;2;249;157;36m[48;2;253;171;44m▀[0m[38;2;251;157;39m[48;2;234;150;30m▀[0m[38;2;216;126;13m[48;2;228;148;25m▀[0m[38;2;250;164;34m[48;2;255;192;68m▀[0m[38;2;255;193;61m▀[0m[38;2;252;186;64m▀[0m
                   [38;2;221;162;59m▀[0m[38;2;229;142;21m[48;2;212;150;52m▀[0m[38;2;255;147;12m[48;2;255;151;18m▀[0m[38;2;253;168;41m[48;2;255;171;41m▀[0m[38;2;228;147;26m[48;2;212;150;52m▀[0m[38;2;221;155;51m▀[0m
                     [38;2;241;148;34m▀[0m[38;2;240;162;48m▀[0m
